tracking
min : 0.0007234 sec
max: 0.0262739 sec
average: 0.0029319 sec

integration
min : 0.0000030 sec
max: 0.0002264 sec
average: 0.0000500 sec

correction
min : 0.0000029 sec
max: 0.0000384 sec
average: 0.0000066 sec

